Size: 50
2075891866
43432357
1892350755
1128340467
877873959
1123615650
637558416
1083821596
624917720
206178380
928423258
1395116862
1051942073
1573690890
1126346957
1984340580
1333080115
1404287380
503357478
445783246
2035537436
1356901917
374497442
1487897575
895110591
381374596
1710265416
1671823790
1021848684
112417212
1535649277
950256902
155849569
1280516385
2078597369
1033723528
256648387
568672137
2117545125
881566107
774850518
898484735
129199321
1826792591
324691977
1255546278
1663649524
1657772092
512350010
19523354
End of set

Size: 100
2103555338
400403798
1376425271
330569133
1888301374
124052214
711943729
1451083142
1795876005
1733792413
1563500354
1184041634
536565667
1719349924
317074371
467679389
605589804
573722759
1036351526
575651281
1455288866
1811202044
1474136016
1584488188
1490510988
1798827993
692550818
1006676864
1309116437
1204900829
1026200218
1265188128
1605304627
255141842
1595757261
1346122353
379194056
160217342
649721848
27586413
1894009756
65738554
1211628048
283091775
1785088478
1528702419
750771164
243194635
2102425178
1787122691
818845916
1410230397
1450841087
145498285
847234937
793868427
1944326278
1539785755
1800545291
1105959068
597202936
679261862
223663548
55023916
934403704
1819420809
1401146269
1313597760
1979638151
2050868117
1341184174
1726164259
2116606672
405328574
2009256035
1754211502
1934030993
612543551
1997406137
1888972524
252182594
668768406
1151719273
1703023682
814266691
1998954210
349408461
611109321
1391256317
2470105
1717068389
1988459254
681731967
1940731937
2043483170
1616135671
1612669098
1297145791
782249783
1444823602
End of set

